"DateTime","Players"
2014-01-07 00:00:00,2
2014-01-08 00:00:00,NA
2014-01-09 00:00:00,NA
2014-01-10 00:00:00,NA
2014-01-11 00:00:00,NA
2014-01-12 00:00:00,NA
2014-01-13 00:00:00,NA
2014-01-14 00:00:00,NA
2014-01-15 00:00:00,NA
2014-01-16 00:00:00,NA
2014-01-17 00:00:00,NA
2014-01-18 00:00:00,NA
2014-01-19 00:00:00,NA
2014-01-20 00:00:00,NA
2014-01-21 00:00:00,NA
2014-01-22 00:00:00,NA
2014-01-23 00:00:00,NA
2014-01-24 00:00:00,NA
2014-01-25 00:00:00,NA
2014-01-26 00:00:00,NA
2014-01-27 00:00:00,NA
2014-01-28 00:00:00,NA
2014-01-29 00:00:00,NA
2014-01-30 00:00:00,NA
2014-01-31 00:00:00,NA
2014-02-01 00:00:00,NA
2014-02-02 00:00:00,NA
2014-02-03 00:00:00,NA
2014-02-04 00:00:00,NA
2014-02-05 00:00:00,NA
2014-02-06 00:00:00,NA
2014-02-07 00:00:00,NA
2014-02-08 00:00:00,NA
2014-02-09 00:00:00,NA
2014-02-10 00:00:00,NA
2014-02-11 00:00:00,NA
2014-02-12 00:00:00,NA
2014-02-13 00:00:00,NA
2014-02-14 00:00:00,NA
2014-02-15 00:00:00,NA
2014-02-16 00:00:00,NA
2014-02-17 00:00:00,NA
2014-02-18 00:00:00,NA
2014-02-19 00:00:00,NA
2014-02-20 00:00:00,NA
2014-02-21 00:00:00,NA
2014-02-22 00:00:00,NA
2014-02-23 00:00:00,NA
2014-02-24 00:00:00,NA
2014-02-25 00:00:00,NA
2014-02-26 00:00:00,NA
2014-02-27 00:00:00,NA
2014-02-28 00:00:00,NA
2014-03-01 00:00:00,NA
2014-03-02 00:00:00,NA
2014-03-03 00:00:00,NA
2014-03-04 00:00:00,NA
2014-03-05 00:00:00,NA
2014-03-06 00:00:00,NA
2014-03-07 00:00:00,NA
2014-03-08 00:00:00,NA
2014-03-09 00:00:00,NA
2014-03-10 00:00:00,NA
2014-03-11 00:00:00,NA
2014-03-12 00:00:00,NA
2014-03-13 00:00:00,NA
2014-03-14 00:00:00,NA
2014-03-15 00:00:00,NA
2014-03-16 00:00:00,NA
2014-03-17 00:00:00,NA
2014-03-18 00:00:00,NA
2014-03-19 00:00:00,NA
2014-03-20 00:00:00,NA
2014-03-21 00:00:00,NA
2014-03-22 00:00:00,NA
2014-03-23 00:00:00,NA
2014-03-24 00:00:00,NA
2014-03-25 00:00:00,NA
2014-03-26 00:00:00,NA
2014-03-27 00:00:00,NA
2014-03-28 00:00:00,NA
2014-03-29 00:00:00,NA
2014-03-30 00:00:00,NA
2014-03-31 01:00:00,NA
2014-04-01 01:00:00,NA
2014-04-02 01:00:00,NA
2014-04-03 01:00:00,NA
2014-04-04 01:00:00,NA
2014-04-05 01:00:00,NA
2014-04-06 01:00:00,NA
2014-04-07 01:00:00,NA
2014-04-08 01:00:00,NA
2014-04-09 01:00:00,NA
2014-04-10 01:00:00,NA
2014-04-11 01:00:00,NA
2014-04-12 01:00:00,NA
2014-04-13 01:00:00,NA
2014-04-14 01:00:00,NA
2014-04-15 01:00:00,NA
2014-04-16 01:00:00,NA
2014-04-17 01:00:00,NA
2014-04-18 01:00:00,NA
2014-04-19 01:00:00,NA
2014-04-20 01:00:00,NA
2014-04-21 01:00:00,NA
2014-04-22 01:00:00,NA
2014-04-23 01:00:00,NA
2014-04-24 01:00:00,NA
2014-04-25 01:00:00,NA
2014-04-26 01:00:00,NA
2014-04-27 01:00:00,NA
2014-04-28 01:00:00,NA
2014-04-29 01:00:00,NA
2014-04-30 01:00:00,NA
2014-05-01 01:00:00,NA
2014-05-02 01:00:00,NA
2014-05-03 01:00:00,NA
2014-05-04 01:00:00,NA
2014-05-05 01:00:00,NA
2014-05-06 01:00:00,NA
2014-05-07 01:00:00,NA
2014-05-08 01:00:00,NA
2014-05-09 01:00:00,NA
2014-05-10 01:00:00,NA
2014-05-11 01:00:00,NA
2014-05-12 01:00:00,NA
2014-05-13 01:00:00,NA
2014-05-14 01:00:00,NA
2014-05-15 01:00:00,NA
2014-05-16 01:00:00,NA
2014-05-17 01:00:00,NA
2014-05-18 01:00:00,NA
2014-05-19 01:00:00,NA
2014-05-20 01:00:00,NA
2014-05-21 01:00:00,NA
2014-05-22 01:00:00,NA
2014-05-23 01:00:00,NA
2014-05-24 01:00:00,NA
2014-05-25 01:00:00,NA
2014-05-26 01:00:00,NA
2014-05-27 01:00:00,NA
2014-05-28 01:00:00,NA
2014-05-29 01:00:00,NA
2014-05-30 01:00:00,NA
2014-05-31 01:00:00,NA
2014-06-01 01:00:00,NA
2014-06-02 01:00:00,NA
2014-06-03 01:00:00,NA
2014-06-04 01:00:00,NA
2014-06-05 01:00:00,NA
2014-06-06 01:00:00,NA
2014-06-07 01:00:00,NA
2014-06-08 01:00:00,NA
2014-06-09 01:00:00,NA
2014-06-10 01:00:00,NA
2014-06-11 01:00:00,NA
2014-06-12 01:00:00,NA
2014-06-13 01:00:00,NA
2014-06-14 01:00:00,NA
2014-06-15 01:00:00,NA
2014-06-16 01:00:00,NA
2014-06-17 01:00:00,NA
2014-06-18 01:00:00,NA
2014-06-19 01:00:00,NA
2014-06-20 01:00:00,NA
2014-06-21 01:00:00,NA
2014-06-22 01:00:00,NA
2014-06-23 01:00:00,NA
2014-06-24 01:00:00,NA
2014-06-25 01:00:00,NA
2014-06-26 01:00:00,NA
2014-06-27 01:00:00,NA
2014-06-28 01:00:00,NA
2014-06-29 01:00:00,NA
2014-06-30 01:00:00,NA
2014-07-01 01:00:00,NA
2014-07-02 01:00:00,NA
2014-07-03 01:00:00,NA
2014-07-04 01:00:00,NA
2014-07-05 01:00:00,NA
2014-07-06 01:00:00,NA
2014-07-07 01:00:00,NA
2014-07-08 01:00:00,NA
2014-07-09 01:00:00,NA
2014-07-10 01:00:00,NA
2014-07-11 01:00:00,NA
2014-07-12 01:00:00,NA
2014-07-13 01:00:00,NA
2014-07-14 01:00:00,NA
2014-07-15 01:00:00,NA
2014-07-16 01:00:00,NA
2014-07-17 01:00:00,NA
2014-07-18 01:00:00,NA
2014-07-19 01:00:00,NA
2014-07-20 01:00:00,NA
2014-07-21 01:00:00,NA
2014-07-22 01:00:00,NA
2014-07-23 01:00:00,NA
2014-07-24 01:00:00,NA
2014-07-25 01:00:00,NA
2014-07-26 01:00:00,NA
2014-07-27 01:00:00,NA
2014-07-28 01:00:00,NA
2014-07-29 01:00:00,NA
2014-07-30 01:00:00,NA
2014-07-31 01:00:00,NA
2014-08-01 01:00:00,NA
2014-08-02 01:00:00,NA
2014-08-03 01:00:00,NA
2014-08-04 01:00:00,NA
2014-08-05 01:00:00,NA
2014-08-06 01:00:00,NA
2014-08-07 01:00:00,NA
2014-08-08 01:00:00,NA
2014-08-09 01:00:00,NA
2014-08-10 01:00:00,NA
2014-08-11 01:00:00,NA
2014-08-12 01:00:00,NA
2014-08-13 01:00:00,NA
2014-08-14 01:00:00,NA
2014-08-15 01:00:00,NA
2014-08-16 01:00:00,NA
2014-08-17 01:00:00,NA
2014-08-18 01:00:00,NA
2014-08-19 01:00:00,NA
2014-08-20 01:00:00,NA
2014-08-21 01:00:00,NA
2014-08-22 01:00:00,NA
2014-08-23 01:00:00,NA
2014-08-24 01:00:00,NA
2014-08-25 01:00:00,NA
2014-08-26 01:00:00,NA
2014-08-27 01:00:00,NA
2014-08-28 01:00:00,NA
2014-08-29 01:00:00,NA
2014-08-30 01:00:00,NA
2014-08-31 01:00:00,NA
2014-09-01 01:00:00,NA
2014-09-02 01:00:00,NA
2014-09-03 01:00:00,NA
2014-09-04 01:00:00,NA
2014-09-05 01:00:00,NA
2014-09-06 01:00:00,NA
2014-09-07 01:00:00,NA
2014-09-08 01:00:00,NA
2014-09-09 01:00:00,NA
2014-09-10 01:00:00,NA
2014-09-11 01:00:00,NA
2014-09-12 01:00:00,NA
2014-09-13 01:00:00,NA
2014-09-14 01:00:00,NA
2014-09-15 01:00:00,NA
2014-09-16 01:00:00,NA
2014-09-17 01:00:00,NA
2014-09-18 01:00:00,NA
2014-09-19 01:00:00,NA
2014-09-20 01:00:00,NA
2014-09-21 01:00:00,NA
2014-09-22 01:00:00,NA
2014-09-23 01:00:00,NA
2014-09-24 01:00:00,NA
2014-09-25 01:00:00,NA
2014-09-26 01:00:00,NA
2014-09-27 01:00:00,NA
2014-09-28 01:00:00,NA
2014-09-29 01:00:00,NA
2014-09-30 01:00:00,NA
2014-10-01 01:00:00,NA
2014-10-02 01:00:00,NA
2014-10-03 01:00:00,NA
2014-10-04 01:00:00,NA
2014-10-05 01:00:00,NA
2014-10-06 01:00:00,NA
2014-10-07 01:00:00,NA
2014-10-08 01:00:00,NA
2014-10-09 01:00:00,NA
2014-10-10 01:00:00,NA
2014-10-11 01:00:00,NA
2014-10-12 01:00:00,NA
2014-10-13 01:00:00,NA
2014-10-14 01:00:00,NA
2014-10-15 01:00:00,NA
2014-10-16 01:00:00,NA
2014-10-17 01:00:00,NA
2014-10-18 01:00:00,NA
2014-10-19 01:00:00,NA
2014-10-20 01:00:00,NA
2014-10-21 01:00:00,NA
2014-10-22 01:00:00,NA
2014-10-23 01:00:00,NA
2014-10-24 01:00:00,NA
2014-10-25 01:00:00,NA
2014-10-26 01:00:00,NA
2014-10-27 00:00:00,NA
2014-10-28 00:00:00,NA
2014-10-29 00:00:00,NA
2014-10-30 00:00:00,NA
2014-10-31 00:00:00,NA
2014-11-01 00:00:00,NA
2014-11-02 00:00:00,NA
2014-11-03 00:00:00,NA
2014-11-04 00:00:00,NA
2014-11-05 00:00:00,NA
2014-11-06 00:00:00,NA
2014-11-07 00:00:00,NA
2014-11-08 00:00:00,NA
2014-11-09 00:00:00,NA
2014-11-10 00:00:00,NA
2014-11-11 00:00:00,NA
2014-11-12 00:00:00,NA
2014-11-13 00:00:00,NA
2014-11-14 00:00:00,NA
2014-11-15 00:00:00,NA
2014-11-16 00:00:00,NA
2014-11-17 00:00:00,NA
2014-11-18 00:00:00,NA
2014-11-19 00:00:00,NA
2014-11-20 00:00:00,NA
2014-11-21 00:00:00,NA
2014-11-22 00:00:00,NA
2014-11-23 00:00:00,NA
2014-11-24 00:00:00,NA
2014-11-25 00:00:00,NA
2014-11-26 00:00:00,NA
2014-11-27 00:00:00,NA
2014-11-28 00:00:00,NA
2014-11-29 00:00:00,NA
2014-11-30 00:00:00,NA
2014-12-01 00:00:00,NA
2014-12-02 00:00:00,NA
2014-12-03 00:00:00,NA
2014-12-04 00:00:00,NA
2014-12-05 00:00:00,NA
2014-12-06 00:00:00,NA
2014-12-07 00:00:00,NA
2014-12-08 00:00:00,NA
2014-12-09 00:00:00,NA
2014-12-10 00:00:00,NA
2014-12-11 00:00:00,NA
2014-12-12 00:00:00,NA
2014-12-13 00:00:00,NA
2014-12-14 00:00:00,NA
2014-12-15 00:00:00,NA
2014-12-16 00:00:00,NA
2014-12-17 00:00:00,NA
2014-12-18 00:00:00,NA
2014-12-19 00:00:00,NA
2014-12-20 00:00:00,NA
2014-12-21 00:00:00,NA
2014-12-22 00:00:00,NA
2014-12-23 00:00:00,NA
2014-12-24 00:00:00,NA
2014-12-25 00:00:00,NA
2014-12-26 00:00:00,NA
2014-12-27 00:00:00,NA
2014-12-28 00:00:00,NA
2014-12-29 00:00:00,NA
2014-12-30 00:00:00,NA
2014-12-31 00:00:00,NA
2015-01-01 00:00:00,NA
2015-01-02 00:00:00,NA
2015-01-03 00:00:00,NA
2015-01-04 00:00:00,NA
2015-01-05 00:00:00,NA
2015-01-06 00:00:00,NA
2015-01-07 00:00:00,NA
2015-01-08 00:00:00,NA
2015-01-09 00:00:00,NA
2015-01-10 00:00:00,NA
2015-01-11 00:00:00,NA
2015-01-12 00:00:00,NA
2015-01-13 00:00:00,NA
2015-01-14 00:00:00,NA
2015-01-15 00:00:00,NA
2015-01-16 00:00:00,NA
2015-01-17 00:00:00,NA
2015-01-18 00:00:00,NA
2015-01-19 00:00:00,NA
2015-01-20 00:00:00,NA
2015-01-21 00:00:00,NA
2015-01-22 00:00:00,NA
2015-01-23 00:00:00,NA
2015-01-24 00:00:00,NA
2015-01-25 00:00:00,NA
2015-01-26 00:00:00,NA
2015-01-27 00:00:00,NA
2015-01-28 00:00:00,NA
2015-01-29 00:00:00,NA
2015-01-30 00:00:00,NA
2015-01-31 00:00:00,NA
2015-02-01 00:00:00,NA
2015-02-02 00:00:00,NA
2015-02-03 00:00:00,NA
2015-02-04 00:00:00,NA
2015-02-05 00:00:00,NA
2015-02-06 00:00:00,NA
2015-02-07 00:00:00,NA
2015-02-08 00:00:00,NA
2015-02-09 00:00:00,NA
2015-02-10 00:00:00,NA
2015-02-11 00:00:00,NA
2015-02-12 00:00:00,NA
2015-02-13 00:00:00,NA
2015-02-14 00:00:00,NA
2015-02-15 00:00:00,NA
2015-02-16 00:00:00,NA
2015-02-17 00:00:00,NA
2015-02-18 00:00:00,NA
2015-02-19 00:00:00,NA
2015-02-20 00:00:00,NA
2015-02-21 00:00:00,NA
2015-02-22 00:00:00,NA
2015-02-23 00:00:00,NA
2015-02-24 00:00:00,NA
2015-02-25 00:00:00,NA
2015-02-26 00:00:00,NA
2015-02-27 00:00:00,NA
2015-02-28 00:00:00,NA
2015-03-01 00:00:00,NA
2015-03-02 00:00:00,NA
2015-03-03 00:00:00,NA
2015-03-04 00:00:00,NA
2015-03-05 00:00:00,NA
2015-03-06 00:00:00,NA
2015-03-07 00:00:00,NA
2015-03-08 00:00:00,NA
2015-03-09 00:00:00,NA
2015-03-10 00:00:00,NA
2015-03-11 00:00:00,NA
2015-03-12 00:00:00,NA
2015-03-13 00:00:00,NA
2015-03-14 00:00:00,NA
2015-03-15 00:00:00,NA
2015-03-16 00:00:00,NA
2015-03-17 00:00:00,NA
2015-03-18 00:00:00,NA
2015-03-19 00:00:00,NA
2015-03-20 00:00:00,NA
2015-03-21 00:00:00,NA
2015-03-22 00:00:00,NA
2015-03-23 00:00:00,NA
2015-03-24 00:00:00,NA
2015-03-25 00:00:00,NA
2015-03-26 00:00:00,NA
2015-03-27 00:00:00,NA
2015-03-28 00:00:00,NA
2015-03-29 00:00:00,NA
2015-03-30 01:00:00,NA
2015-03-31 01:00:00,NA
2015-04-01 01:00:00,NA
2015-04-02 01:00:00,NA
2015-04-03 01:00:00,NA
2015-04-04 01:00:00,NA
2015-04-05 01:00:00,NA
2015-04-06 01:00:00,NA
2015-04-07 01:00:00,NA
2015-04-08 01:00:00,NA
2015-04-09 01:00:00,NA
2015-04-10 01:00:00,NA
2015-04-11 01:00:00,NA
2015-04-12 01:00:00,NA
2015-04-13 01:00:00,NA
2015-04-14 01:00:00,NA
2015-04-15 01:00:00,NA
2015-04-16 01:00:00,NA
2015-04-17 01:00:00,NA
2015-04-18 01:00:00,NA
2015-04-19 01:00:00,20
2015-04-20 01:00:00,35
2015-04-21 01:00:00,35
2015-04-22 01:00:00,34
2015-04-23 01:00:00,30
2015-04-24 01:00:00,32
2015-04-25 01:00:00,18
2015-04-26 01:00:00,8
2015-04-27 01:00:00,38
2015-04-28 01:00:00,38
2015-04-29 01:00:00,29
2015-04-30 01:00:00,29
2015-05-01 01:00:00,30
2015-05-02 01:00:00,16
2015-05-03 01:00:00,7
2015-05-04 01:00:00,33
2015-05-05 01:00:00,30
2015-05-06 01:00:00,34
2015-05-07 01:00:00,32
2015-05-08 01:00:00,29
2015-05-09 01:00:00,10
2015-05-10 01:00:00,10
2015-05-11 01:00:00,34
2015-05-12 01:00:00,47
2015-05-13 01:00:00,50
2015-05-14 01:00:00,49
2015-05-15 01:00:00,39
2015-05-16 01:00:00,18
2015-05-17 01:00:00,6
2015-05-18 01:00:00,18
2015-05-19 01:00:00,30
2015-05-20 01:00:00,31
2015-05-21 01:00:00,30
2015-05-22 01:00:00,26
2015-05-23 01:00:00,11
2015-05-24 01:00:00,6
2015-05-25 01:00:00,20
2015-05-26 01:00:00,37
2015-05-27 01:00:00,49
2015-05-28 01:00:00,24
2015-05-29 01:00:00,23
2015-05-30 01:00:00,10
2015-05-31 01:00:00,3
2015-06-01 01:00:00,25
2015-06-02 01:00:00,24
2015-06-03 01:00:00,27
2015-06-04 01:00:00,33
2015-06-05 01:00:00,29
2015-06-06 01:00:00,11
2015-06-07 01:00:00,4
2015-06-08 01:00:00,25
2015-06-09 01:00:00,26
2015-06-10 01:00:00,28
2015-06-11 01:00:00,33
2015-06-12 01:00:00,34
2015-06-13 01:00:00,11
2015-06-14 01:00:00,6
2015-06-15 01:00:00,28
2015-06-16 01:00:00,32
2015-06-17 01:00:00,33
2015-06-18 01:00:00,31
2015-06-19 01:00:00,29
2015-06-20 01:00:00,11
2015-06-21 01:00:00,5
2015-06-22 01:00:00,29
2015-06-23 01:00:00,30
2015-06-24 01:00:00,22
2015-06-25 01:00:00,30
2015-06-26 01:00:00,37
2015-06-27 01:00:00,15
2015-06-28 01:00:00,10
2015-06-29 01:00:00,37
2015-06-30 01:00:00,34
2015-07-01 01:00:00,17
2015-07-02 01:00:00,32
2015-07-03 01:00:00,19
2015-07-04 01:00:00,7
2015-07-05 01:00:00,8
2015-07-06 01:00:00,41
2015-07-07 01:00:00,45
2015-07-08 01:00:00,49
2015-07-09 01:00:00,37
2015-07-10 01:00:00,38
2015-07-11 01:00:00,15
2015-07-12 01:00:00,7
2015-07-13 01:00:00,43
2015-07-14 01:00:00,50
2015-07-15 01:00:00,46
2015-07-16 01:00:00,49
2015-07-17 01:00:00,46
2015-07-18 01:00:00,26
2015-07-19 01:00:00,5
2015-07-20 01:00:00,33
2015-07-21 01:00:00,34
2015-07-22 01:00:00,29
2015-07-23 01:00:00,31
2015-07-24 01:00:00,35
2015-07-25 01:00:00,16
2015-07-26 01:00:00,7
2015-07-27 01:00:00,34
2015-07-28 01:00:00,31
2015-07-29 01:00:00,33
2015-07-30 01:00:00,34
2015-07-31 01:00:00,29
2015-08-01 01:00:00,19
2015-08-02 01:00:00,49
2015-08-03 01:00:00,68
2015-08-04 01:00:00,70
2015-08-05 01:00:00,80
2015-08-06 01:00:00,84
2015-08-07 01:00:00,77
2015-08-08 01:00:00,47
2015-08-09 01:00:00,49
2015-08-10 01:00:00,29
2015-08-11 01:00:00,31
2015-08-12 01:00:00,31
2015-08-13 01:00:00,31
2015-08-14 01:00:00,29
2015-08-15 01:00:00,13
2015-08-16 01:00:00,9
2015-08-17 01:00:00,29
2015-08-18 01:00:00,41
2015-08-19 01:00:00,45
2015-08-20 01:00:00,38
2015-08-21 01:00:00,53
2015-08-22 01:00:00,30
2015-08-23 01:00:00,22
2015-08-24 01:00:00,39
2015-08-25 01:00:00,43
2015-08-26 01:00:00,47
2015-08-27 01:00:00,45
2015-08-28 01:00:00,43
2015-08-29 01:00:00,31
2015-08-30 01:00:00,22
2015-08-31 01:00:00,36
2015-09-01 01:00:00,31
2015-09-02 01:00:00,31
2015-09-03 01:00:00,29
2015-09-04 01:00:00,42
2015-09-05 01:00:00,24
2015-09-06 01:00:00,13
2015-09-07 01:00:00,19
2015-09-08 01:00:00,31
2015-09-09 01:00:00,26
2015-09-10 01:00:00,32
2015-09-11 01:00:00,34
2015-09-12 01:00:00,14
2015-09-13 01:00:00,13
2015-09-14 01:00:00,36
2015-09-15 01:00:00,33
2015-09-16 01:00:00,27
2015-09-17 01:00:00,28
2015-09-18 01:00:00,24
2015-09-19 01:00:00,13
2015-09-20 01:00:00,10
2015-09-21 01:00:00,20
2015-09-22 01:00:00,22
2015-09-23 01:00:00,78
2015-09-24 01:00:00,83
2015-09-25 01:00:00,79
2015-09-26 01:00:00,68
2015-09-27 01:00:00,68
2015-09-28 01:00:00,18
2015-09-29 01:00:00,16
2015-09-30 01:00:00,17
2015-10-01 01:00:00,25
2015-10-02 01:00:00,32
2015-10-03 01:00:00,21
2015-10-04 01:00:00,20
2015-10-05 01:00:00,20
2015-10-06 01:00:00,23
2015-10-07 01:00:00,27
2015-10-08 01:00:00,27
2015-10-09 01:00:00,32
2015-10-10 01:00:00,27
2015-10-11 01:00:00,23
2015-10-12 01:00:00,16
2015-10-13 01:00:00,44
2015-10-14 01:00:00,30
2015-10-15 01:00:00,35
2015-10-16 01:00:00,29
2015-10-17 01:00:00,15
2015-10-18 01:00:00,5
2015-10-19 01:00:00,30
2015-10-20 01:00:00,36
2015-10-21 01:00:00,39
2015-10-22 01:00:00,42
2015-10-23 01:00:00,31
2015-10-24 01:00:00,10
2015-10-25 01:00:00,7
2015-10-26 00:00:00,31
2015-10-27 00:00:00,34
2015-10-28 00:00:00,28
2015-10-29 00:00:00,37
2015-10-30 00:00:00,53
2015-10-31 00:00:00,31
2015-11-01 00:00:00,30
2015-11-02 00:00:00,28
2015-11-03 00:00:00,28
2015-11-04 00:00:00,30
2015-11-05 00:00:00,29
2015-11-06 00:00:00,24
2015-11-07 00:00:00,9
2015-11-08 00:00:00,5
2015-11-09 00:00:00,29
2015-11-10 00:00:00,27
2015-11-11 00:00:00,26
2015-11-12 00:00:00,36
2015-11-13 00:00:00,26
2015-11-14 00:00:00,11
2015-11-15 00:00:00,9
2015-11-16 00:00:00,22
2015-11-17 00:00:00,23
2015-11-18 00:00:00,21
2015-11-19 00:00:00,21
2015-11-20 00:00:00,31
2015-11-21 00:00:00,29
2015-11-22 00:00:00,22
2015-11-23 00:00:00,39
2015-11-24 00:00:00,53
2015-11-25 00:00:00,52
2015-11-26 00:00:00,64
2015-11-27 00:00:00,66
2015-11-28 00:00:00,67
2015-11-29 00:00:00,60
2015-11-30 00:00:00,77
2015-12-01 00:00:00,23376
2015-12-02 00:00:00,21769
2015-12-03 00:00:00,18982
2015-12-04 00:00:00,17248
2015-12-05 00:00:00,18890
2015-12-06 00:00:00,20017
2015-12-07 00:00:00,14758
2015-12-08 00:00:00,13808
2015-12-09 00:00:00,12199
2015-12-10 00:00:00,11474
2015-12-11 00:00:00,11170
2015-12-12 00:00:00,13596
2015-12-13 00:00:00,13467
2015-12-14 00:00:00,10229
2015-12-15 00:00:00,9037
2015-12-16 00:00:00,9461
2015-12-17 00:00:00,9020
2015-12-18 00:00:00,9235
2015-12-19 00:00:00,10788
2015-12-20 00:00:00,11300
2015-12-21 00:00:00,9508
2015-12-22 00:00:00,8696
2015-12-23 00:00:00,9470
2015-12-24 00:00:00,9150
2015-12-25 00:00:00,12839
2015-12-26 00:00:00,14061
2015-12-27 00:00:00,12435
2015-12-28 00:00:00,14055
2015-12-29 00:00:00,13411
2015-12-30 00:00:00,12663
2015-12-31 00:00:00,11027
2016-01-01 00:00:00,12681
2016-01-02 00:00:00,12224
2016-01-03 00:00:00,12140
2016-01-04 00:00:00,9643
2016-01-05 00:00:00,8866
2016-01-06 00:00:00,8603
2016-01-07 00:00:00,8177
2016-01-08 00:00:00,8176
2016-01-09 00:00:00,10215
2016-01-10 00:00:00,10420
2016-01-11 00:00:00,7146
2016-01-12 00:00:00,6777
2016-01-13 00:00:00,6518
2016-01-14 00:00:00,6162
2016-01-15 00:00:00,6629
2016-01-16 00:00:00,8377
2016-01-17 00:00:00,8244
2016-01-18 00:00:00,6545
2016-01-19 00:00:00,5358
2016-01-20 00:00:00,5109
2016-01-21 00:00:00,5086
2016-01-22 00:00:00,5618
2016-01-23 00:00:00,7135
2016-01-24 00:00:00,7019
2016-01-25 00:00:00,5146
2016-01-26 00:00:00,4746
2016-01-27 00:00:00,4527
2016-01-28 00:00:00,4342
2016-01-29 00:00:00,4418
2016-01-30 00:00:00,5659
2016-01-31 00:00:00,5773
2016-02-01 00:00:00,4233
2016-02-02 00:00:00,4015
2016-02-03 00:00:00,3795
2016-02-04 00:00:00,3855
2016-02-05 00:00:00,3965
2016-02-06 00:00:00,5092
2016-02-07 00:00:00,5502
2016-02-08 00:00:00,4065
2016-02-09 00:00:00,3795
2016-02-10 00:00:00,3704
2016-02-11 00:00:00,3648
2016-02-12 00:00:00,4003
2016-02-13 00:00:00,4837
2016-02-14 00:00:00,4799
2016-02-15 00:00:00,3998
2016-02-16 00:00:00,3354
2016-02-17 00:00:00,3231
2016-02-18 00:00:00,3200
2016-02-19 00:00:00,3243
2016-02-20 00:00:00,4196
2016-02-21 00:00:00,4383
2016-02-22 00:00:00,3220
2016-02-23 00:00:00,3133
2016-02-24 00:00:00,3035
2016-02-25 00:00:00,2958
2016-02-26 00:00:00,3229
2016-02-27 00:00:00,4158
2016-02-28 00:00:00,4344
2016-02-29 00:00:00,3084
2016-03-01 00:00:00,2910
2016-03-02 00:00:00,2823
2016-03-03 00:00:00,2813
2016-03-04 00:00:00,3616
2016-03-05 00:00:00,5302
2016-03-06 00:00:00,6246
2016-03-07 00:00:00,4919
2016-03-08 00:00:00,4297
2016-03-09 00:00:00,4047
2016-03-10 00:00:00,3649
2016-03-11 00:00:00,3782
2016-03-12 00:00:00,4696
2016-03-13 00:00:00,4591
2016-03-14 00:00:00,3143
2016-03-15 00:00:00,3012
2016-03-16 00:00:00,2914
2016-03-17 00:00:00,2940
2016-03-18 00:00:00,3130
2016-03-19 00:00:00,3968
2016-03-20 00:00:00,3929
2016-03-21 00:00:00,2956
2016-03-22 00:00:00,2693
2016-03-23 00:00:00,2641
2016-03-24 00:00:00,2678
2016-03-25 00:00:00,3125
2016-03-26 00:00:00,3122
2016-03-27 00:00:00,3246
2016-03-28 01:00:00,2826
2016-03-29 01:00:00,2437
2016-03-30 01:00:00,2238
2016-03-31 01:00:00,2161
2016-04-01 01:00:00,2253
2016-04-02 01:00:00,2773
2016-04-03 01:00:00,3012
2016-04-04 01:00:00,2125
2016-04-05 01:00:00,2013
2016-04-06 01:00:00,2029
2016-04-07 01:00:00,1979
2016-04-08 01:00:00,2205
2016-04-09 01:00:00,2786
2016-04-10 01:00:00,2770
2016-04-11 01:00:00,1932
2016-04-12 01:00:00,1790
2016-04-13 01:00:00,1792
2016-04-14 01:00:00,1784
2016-04-15 01:00:00,1969
2016-04-16 01:00:00,2350
2016-04-17 01:00:00,2601
2016-04-18 01:00:00,1794
2016-04-19 01:00:00,1757
2016-04-20 01:00:00,1675
2016-04-21 01:00:00,1734
2016-04-22 01:00:00,1889
2016-04-23 01:00:00,2426
2016-04-24 01:00:00,2611
2016-04-25 01:00:00,1938
2016-04-26 01:00:00,1916
2016-04-27 01:00:00,1915
2016-04-28 01:00:00,1757
2016-04-29 01:00:00,1920
2016-04-30 01:00:00,2333
2016-05-01 01:00:00,2629
2016-05-02 01:00:00,1927
2016-05-03 01:00:00,1889
2016-05-04 01:00:00,1782
2016-05-05 01:00:00,1815
2016-05-06 01:00:00,1708
2016-05-07 01:00:00,2032
2016-05-08 01:00:00,2166
2016-05-09 01:00:00,1636
2016-05-10 01:00:00,1664
2016-05-11 01:00:00,1646
2016-05-12 01:00:00,1637
2016-05-13 01:00:00,1770
2016-05-14 01:00:00,2296
2016-05-15 01:00:00,2463
2016-05-16 01:00:00,2061
2016-05-17 01:00:00,1820
2016-05-18 01:00:00,1732
2016-05-19 01:00:00,1697
2016-05-20 01:00:00,1855
2016-05-21 01:00:00,2223
2016-05-22 01:00:00,2336
2016-05-23 01:00:00,1817
2016-05-24 01:00:00,1743
2016-05-25 01:00:00,1666
2016-05-26 01:00:00,1638
2016-05-27 01:00:00,1841
2016-05-28 01:00:00,2080
2016-05-29 01:00:00,2263
2016-05-30 01:00:00,2033
2016-05-31 01:00:00,1757
2016-06-01 01:00:00,1731
2016-06-02 01:00:00,1801
2016-06-03 01:00:00,2665
2016-06-04 01:00:00,3179
2016-06-05 01:00:00,3099
2016-06-06 01:00:00,2500
2016-06-07 01:00:00,2206
2016-06-08 01:00:00,2161
2016-06-09 01:00:00,2098
2016-06-10 01:00:00,2211
2016-06-11 01:00:00,2634
2016-06-12 01:00:00,2837
2016-06-13 01:00:00,2114
2016-06-14 01:00:00,2075
2016-06-15 01:00:00,1947
2016-06-16 01:00:00,2017
2016-06-17 01:00:00,2010
2016-06-18 01:00:00,2309
2016-06-19 01:00:00,2524
2016-06-20 01:00:00,2090
2016-06-21 01:00:00,1937
2016-06-22 01:00:00,1837
2016-06-23 01:00:00,1731
2016-06-24 01:00:00,2444
2016-06-25 01:00:00,3398
2016-06-26 01:00:00,4454
2016-06-27 01:00:00,3872
2016-06-28 01:00:00,3736
2016-06-29 01:00:00,3588
2016-06-30 01:00:00,3455
2016-07-01 01:00:00,3503
2016-07-02 01:00:00,3841
2016-07-03 01:00:00,4421
2016-07-04 01:00:00,4293
2016-07-05 01:00:00,3663
2016-07-06 01:00:00,3420
2016-07-07 01:00:00,3174
2016-07-08 01:00:00,2960
2016-07-09 01:00:00,3354
2016-07-10 01:00:00,3415
2016-07-11 01:00:00,2900
2016-07-12 01:00:00,2732
2016-07-13 01:00:00,2580
2016-07-14 01:00:00,2514
2016-07-15 01:00:00,2415
2016-07-16 01:00:00,2852
2016-07-17 01:00:00,3025
2016-07-18 01:00:00,2463
2016-07-19 01:00:00,2217
2016-07-20 01:00:00,2096
2016-07-21 01:00:00,2138
2016-07-22 01:00:00,2086
2016-07-23 01:00:00,2339
2016-07-24 01:00:00,2518
2016-07-25 01:00:00,2176
2016-07-26 01:00:00,2088
2016-07-27 01:00:00,2058
2016-07-28 01:00:00,2058
2016-07-29 01:00:00,2086
2016-07-30 01:00:00,2420
2016-07-31 01:00:00,2780
2016-08-01 01:00:00,2350
2016-08-02 01:00:00,2179
2016-08-03 01:00:00,2175
2016-08-04 01:00:00,2135
2016-08-05 01:00:00,2043
2016-08-06 01:00:00,2288
2016-08-07 01:00:00,2456
2016-08-08 01:00:00,2193
2016-08-09 01:00:00,2159
2016-08-10 01:00:00,2229
2016-08-11 01:00:00,2831
2016-08-12 01:00:00,2740
2016-08-13 01:00:00,2609
2016-08-14 01:00:00,2878
2016-08-15 01:00:00,2420
2016-08-16 01:00:00,2256
2016-08-17 01:00:00,1975
2016-08-18 01:00:00,3354
2016-08-19 01:00:00,3622
2016-08-20 01:00:00,4090
2016-08-21 01:00:00,4193
2016-08-22 01:00:00,3302
2016-08-23 01:00:00,2991
2016-08-24 01:00:00,2753
2016-08-25 01:00:00,2560
2016-08-26 01:00:00,2589
2016-08-27 01:00:00,2986
2016-08-28 01:00:00,3252
2016-08-29 01:00:00,2679
2016-08-30 01:00:00,2394
2016-08-31 01:00:00,2144
2016-09-01 01:00:00,2079
2016-09-02 01:00:00,2129
2016-09-03 01:00:00,2578
2016-09-04 01:00:00,2837
2016-09-05 01:00:00,2474
2016-09-06 01:00:00,1986
2016-09-07 01:00:00,1851
2016-09-08 01:00:00,1877
2016-09-09 01:00:00,2035
2016-09-10 01:00:00,2595
2016-09-11 01:00:00,2795
2016-09-12 01:00:00,1884
2016-09-13 01:00:00,1745
2016-09-14 01:00:00,1650
2016-09-15 01:00:00,1678
2016-09-16 01:00:00,1844
2016-09-17 01:00:00,2373
2016-09-18 01:00:00,2516
2016-09-19 01:00:00,1854
2016-09-20 01:00:00,1738
2016-09-21 01:00:00,1672
2016-09-22 01:00:00,1669
2016-09-23 01:00:00,1746
2016-09-24 01:00:00,2165
2016-09-25 01:00:00,2384
2016-09-26 01:00:00,1766
2016-09-27 01:00:00,1649
2016-09-28 01:00:00,1598
2016-09-29 01:00:00,1655
2016-09-30 01:00:00,1761
2016-10-01 01:00:00,2211
2016-10-02 01:00:00,2378
2016-10-03 01:00:00,1843
2016-10-04 01:00:00,1704
2016-10-05 01:00:00,1739
2016-10-06 01:00:00,1680
2016-10-07 01:00:00,1657
2016-10-08 01:00:00,2122
2016-10-09 01:00:00,2209
2016-10-10 01:00:00,1759
2016-10-11 01:00:00,1588
2016-10-12 01:00:00,1529
2016-10-13 01:00:00,1575
2016-10-14 01:00:00,1572
2016-10-15 01:00:00,2030
2016-10-16 01:00:00,2179
2016-10-17 01:00:00,1615
2016-10-18 01:00:00,1618
2016-10-19 01:00:00,1512
2016-10-20 01:00:00,1565
2016-10-21 01:00:00,1591
2016-10-22 01:00:00,2041
2016-10-23 01:00:00,2153
2016-10-24 01:00:00,1610
2016-10-25 01:00:00,1464
2016-10-26 01:00:00,1409
2016-10-27 01:00:00,1345
2016-10-28 01:00:00,1421
2016-10-29 01:00:00,1849
2016-10-30 01:00:00,1864
2016-10-31 00:00:00,1400
2016-11-01 00:00:00,1454
2016-11-02 00:00:00,1312
2016-11-03 00:00:00,1271
2016-11-04 00:00:00,1424
2016-11-05 00:00:00,1799
2016-11-06 00:00:00,1852
2016-11-07 00:00:00,1246
2016-11-08 00:00:00,1213
2016-11-09 00:00:00,1270
2016-11-10 00:00:00,1281
2016-11-11 00:00:00,1583
2016-11-12 00:00:00,1881
2016-11-13 00:00:00,1993
2016-11-14 00:00:00,1420
2016-11-15 00:00:00,1443
2016-11-16 00:00:00,1446
2016-11-17 00:00:00,1418
2016-11-18 00:00:00,1565
2016-11-19 00:00:00,1940
2016-11-20 00:00:00,2103
2016-11-21 00:00:00,1564
2016-11-22 00:00:00,1679
2016-11-23 00:00:00,1691
2016-11-24 00:00:00,4130
2016-11-25 00:00:00,5560
2016-11-26 00:00:00,7010
2016-11-27 00:00:00,7418
2016-11-28 00:00:00,5575
2016-11-29 00:00:00,5571
2016-11-30 00:00:00,4924
2016-12-01 00:00:00,4569
2016-12-02 00:00:00,4605
2016-12-03 00:00:00,5318
2016-12-04 00:00:00,5137
2016-12-05 00:00:00,3481
2016-12-06 00:00:00,3398
2016-12-07 00:00:00,3198
2016-12-08 00:00:00,3075
2016-12-09 00:00:00,3085
2016-12-10 00:00:00,3967
2016-12-11 00:00:00,4002
2016-12-12 00:00:00,2775
2016-12-13 00:00:00,2656
2016-12-14 00:00:00,4093
2016-12-15 00:00:00,5432
2016-12-16 00:00:00,6067
2016-12-17 00:00:00,7151
2016-12-18 00:00:00,6713
2016-12-19 00:00:00,5122
2016-12-20 00:00:00,4707
2016-12-21 00:00:00,4427
2016-12-22 00:00:00,4345
2016-12-23 00:00:00,4948
2016-12-24 00:00:00,5583
2016-12-25 00:00:00,5875
2016-12-26 00:00:00,6476
2016-12-27 00:00:00,6320
2016-12-28 00:00:00,6255
2016-12-29 00:00:00,6036
2016-12-30 00:00:00,5902
2016-12-31 00:00:00,5779
2017-01-01 00:00:00,6455
2017-01-02 00:00:00,6750
2017-01-03 00:00:00,5470
2017-01-04 00:00:00,4879
2017-01-05 00:00:00,4625
2017-01-06 00:00:00,5024
2017-01-07 00:00:00,5875
2017-01-08 00:00:00,5703
2017-01-09 00:00:00,3929
2017-01-10 00:00:00,3776
2017-01-11 00:00:00,3424
2017-01-12 00:00:00,3348
2017-01-13 00:00:00,3714
2017-01-14 00:00:00,4558
2017-01-15 00:00:00,4653
2017-01-16 00:00:00,3796
2017-01-17 00:00:00,3244
2017-01-18 00:00:00,2989
2017-01-19 00:00:00,2911
2017-01-20 00:00:00,3075
2017-01-21 00:00:00,3781
2017-01-22 00:00:00,3800
2017-01-23 00:00:00,2716
2017-01-24 00:00:00,2574
2017-01-25 00:00:00,2560
2017-01-26 00:00:00,2465
2017-01-27 00:00:00,2554
2017-01-28 00:00:00,3352
2017-01-29 00:00:00,3418
2017-01-30 00:00:00,2519
2017-01-31 00:00:00,2265
2017-02-01 00:00:00,2238
2017-02-02 00:00:00,2257
2017-02-03 00:00:00,2341
2017-02-04 00:00:00,3122
2017-02-05 00:00:00,3213
2017-02-06 00:00:00,2255
2017-02-07 00:00:00,2205
2017-02-08 00:00:00,2043
2017-02-09 00:00:00,2061
2017-02-10 00:00:00,2228
2017-02-11 00:00:00,2965
2017-02-12 00:00:00,3035
2017-02-13 00:00:00,2238
2017-02-14 00:00:00,1922
2017-02-15 00:00:00,1985
2017-02-16 00:00:00,1964
2017-02-17 00:00:00,3861
2017-02-18 00:00:00,6257
2017-02-19 00:00:00,7625
2017-02-20 00:00:00,6520
2017-02-21 00:00:00,5610
2017-02-22 00:00:00,4953
2017-02-23 00:00:00,4310
2017-02-24 00:00:00,4230
2017-02-25 00:00:00,5053
2017-02-26 00:00:00,4855
2017-02-27 00:00:00,3416
2017-02-28 00:00:00,3136
2017-03-01 00:00:00,2970
2017-03-02 00:00:00,2882
2017-03-03 00:00:00,3022
2017-03-04 00:00:00,3931
2017-03-05 00:00:00,3944
2017-03-06 00:00:00,2618
2017-03-07 00:00:00,2480
2017-03-08 00:00:00,2349
2017-03-09 00:00:00,2378
2017-03-10 00:00:00,2588
2017-03-11 00:00:00,3296
2017-03-12 00:00:00,3354
2017-03-13 00:00:00,2334
2017-03-14 00:00:00,2299
2017-03-15 00:00:00,2179
2017-03-16 00:00:00,2035
2017-03-17 00:00:00,2336
2017-03-18 00:00:00,2985
2017-03-19 00:00:00,3024
2017-03-20 00:00:00,2018
2017-03-21 00:00:00,1252
2017-03-22 00:00:00,793
2017-03-23 00:00:00,1783
2017-03-24 00:00:00,2044
2017-03-25 00:00:00,2592
2017-03-26 00:00:00,2767
2017-03-27 01:00:00,2013
2017-03-28 01:00:00,2050
2017-03-29 01:00:00,2036
2017-03-30 01:00:00,2034
2017-03-31 01:00:00,2138
2017-04-01 01:00:00,2576
2017-04-02 01:00:00,2883
2017-04-03 01:00:00,1925
2017-04-04 01:00:00,1889
2017-04-05 01:00:00,1902
2017-04-06 01:00:00,1824
2017-04-07 01:00:00,1914
2017-04-08 01:00:00,2292
2017-04-09 01:00:00,2379
2017-04-10 01:00:00,1779
2017-04-11 01:00:00,1798
2017-04-12 01:00:00,1707
2017-04-13 01:00:00,1746
2017-04-14 01:00:00,2116
2017-04-15 01:00:00,2272
2017-04-16 01:00:00,2359
2017-04-17 01:00:00,2193
2017-04-18 01:00:00,1733
2017-04-19 01:00:00,1698
2017-04-20 01:00:00,1713
2017-04-21 01:00:00,1746
2017-04-22 01:00:00,2219
2017-04-23 01:00:00,2302
2017-04-24 01:00:00,1696
2017-04-25 01:00:00,1624
2017-04-26 01:00:00,1594
2017-04-27 01:00:00,1563
2017-04-28 01:00:00,1635
2017-04-29 01:00:00,2133
2017-04-30 01:00:00,2175
2017-05-01 01:00:00,1950
2017-05-02 01:00:00,1599
2017-05-03 01:00:00,1525
2017-05-04 01:00:00,1531
2017-05-05 01:00:00,1599
2017-05-06 01:00:00,2084
2017-05-07 01:00:00,2132
2017-05-08 01:00:00,1586
2017-05-09 01:00:00,1502
2017-05-10 01:00:00,1426
2017-05-11 01:00:00,1392
2017-05-12 01:00:00,1559
2017-05-13 01:00:00,2035
2017-05-14 01:00:00,2115
2017-05-15 01:00:00,1474
2017-05-16 01:00:00,1456
2017-05-17 01:00:00,1386
2017-05-18 01:00:00,1380
2017-05-19 01:00:00,1557
2017-05-20 01:00:00,1913
2017-05-21 01:00:00,2083
2017-05-22 01:00:00,1516
2017-05-23 01:00:00,1454
2017-05-24 01:00:00,1395
2017-05-25 01:00:00,1460
2017-05-26 01:00:00,1494
2017-05-27 01:00:00,1779
2017-05-28 01:00:00,1923
2017-05-29 01:00:00,1738
2017-05-30 01:00:00,1479
2017-05-31 01:00:00,1486
2017-06-01 01:00:00,1448
2017-06-02 01:00:00,1466
2017-06-03 01:00:00,1790
2017-06-04 01:00:00,1950
2017-06-05 01:00:00,1695
2017-06-06 01:00:00,1485
2017-06-07 01:00:00,1508
2017-06-08 01:00:00,1434
2017-06-09 01:00:00,1462
2017-06-10 01:00:00,1647
2017-06-11 01:00:00,1766
2017-06-12 01:00:00,1488
2017-06-13 01:00:00,1412
2017-06-14 01:00:00,1373
2017-06-15 01:00:00,1510
2017-06-16 01:00:00,1541
2017-06-17 01:00:00,1676
2017-06-18 01:00:00,1780
2017-06-19 01:00:00,1467
2017-06-20 01:00:00,1407
2017-06-21 01:00:00,1431
2017-06-22 01:00:00,1371
2017-06-23 01:00:00,2123
2017-06-24 01:00:00,2797
2017-06-25 01:00:00,3421
2017-06-26 01:00:00,3217
2017-06-27 01:00:00,4077
2017-06-28 01:00:00,4203
2017-06-29 01:00:00,4073
2017-06-30 01:00:00,3820
2017-07-01 01:00:00,4040
2017-07-02 01:00:00,4321
2017-07-03 01:00:00,3958
2017-07-04 01:00:00,4254
2017-07-05 01:00:00,4171
2017-07-06 01:00:00,3814
2017-07-07 01:00:00,3391
2017-07-08 01:00:00,3503
2017-07-09 01:00:00,3685
2017-07-10 01:00:00,3214
2017-07-11 01:00:00,2872
2017-07-12 01:00:00,2683
2017-07-13 01:00:00,2577
2017-07-14 01:00:00,2594
2017-07-15 01:00:00,2796
2017-07-16 01:00:00,2963
2017-07-17 01:00:00,2473
2017-07-18 01:00:00,2333
2017-07-19 01:00:00,2258
2017-07-20 01:00:00,2197
2017-07-21 01:00:00,2056
2017-07-22 01:00:00,2340
2017-07-23 01:00:00,2625
2017-07-24 01:00:00,2212
2017-07-25 01:00:00,3131
2017-07-26 01:00:00,8335
2017-07-27 01:00:00,9958
2017-07-28 01:00:00,7073
2017-07-29 01:00:00,6816
2017-07-30 01:00:00,6354
2017-07-31 01:00:00,5012
2017-08-01 01:00:00,4278
2017-08-02 01:00:00,3721
2017-08-03 01:00:00,3348
2017-08-04 01:00:00,3294
2017-08-05 01:00:00,3598
2017-08-06 01:00:00,3778
2017-08-07 01:00:00,3157
2017-08-08 01:00:00,2983
2017-08-09 01:00:00,2788
2017-08-10 01:00:00,2630
2017-08-11 01:00:00,2630
2017-08-12 01:00:00,2982
2017-08-13 01:00:00,3069
2017-08-14 01:00:00,2534
2017-08-15 01:00:00,2558
2017-08-16 01:00:00,2399
2017-08-17 01:00:00,2322
2017-08-18 01:00:00,2380
2017-08-19 01:00:00,2695
2017-08-20 01:00:00,2927
2017-08-21 01:00:00,2353
2017-08-22 01:00:00,2208
2017-08-23 01:00:00,2046
2017-08-24 01:00:00,2059
2017-08-25 01:00:00,2029
2017-08-26 01:00:00,2360
2017-08-27 01:00:00,2525
2017-08-28 01:00:00,2081
2017-08-29 01:00:00,1959
2017-08-30 01:00:00,1920
2017-08-31 01:00:00,1983
2017-09-01 01:00:00,1984
2017-09-02 01:00:00,2448
2017-09-03 01:00:00,2640
2017-09-04 01:00:00,2344
2017-09-05 01:00:00,1894
2017-09-06 01:00:00,1887
2017-09-07 01:00:00,1825
2017-09-08 01:00:00,1923
2017-09-09 01:00:00,2330
2017-09-10 01:00:00,2515
2017-09-11 01:00:00,1852
2017-09-12 01:00:00,1710
2017-09-13 01:00:00,1751
2017-09-14 01:00:00,1653
2017-09-15 01:00:00,1838
2017-09-16 01:00:00,2325
2017-09-17 01:00:00,2512
2017-09-18 01:00:00,1724
2017-09-19 01:00:00,1623
2017-09-20 01:00:00,1538
2017-09-21 01:00:00,1639
2017-09-22 01:00:00,1709
2017-09-23 01:00:00,2142
2017-09-24 01:00:00,2222
2017-09-25 01:00:00,1557
2017-09-26 01:00:00,1620
2017-09-27 01:00:00,1591
2017-09-28 01:00:00,1553
2017-09-29 01:00:00,1685
2017-09-30 01:00:00,2195
2017-10-01 01:00:00,2335
2017-10-02 01:00:00,1642
2017-10-03 01:00:00,1636
2017-10-04 01:00:00,1555
2017-10-05 01:00:00,1593
2017-10-06 01:00:00,1713
2017-10-07 01:00:00,2022
2017-10-08 01:00:00,2231
2017-10-09 01:00:00,1712
2017-10-10 01:00:00,1466
2017-10-11 01:00:00,1459
2017-10-12 01:00:00,1435
2017-10-13 01:00:00,1534
2017-10-14 01:00:00,1877
2017-10-15 01:00:00,1920
2017-10-16 01:00:00,1391
2017-10-17 01:00:00,1360
2017-10-18 01:00:00,1292
2017-10-19 01:00:00,1289
2017-10-20 01:00:00,1475
2017-10-21 01:00:00,1856
2017-10-22 01:00:00,2047
2017-10-23 01:00:00,1501
2017-10-24 01:00:00,1364
2017-10-25 01:00:00,1339
2017-10-26 01:00:00,1321
2017-10-27 01:00:00,1730
2017-10-28 01:00:00,2669
2017-10-29 01:00:00,3031
2017-10-30 00:00:00,2350
2017-10-31 00:00:00,2395
2017-11-01 00:00:00,2536
2017-11-02 00:00:00,2401
2017-11-03 00:00:00,2344
2017-11-04 00:00:00,2682
2017-11-05 00:00:00,2666
2017-11-06 00:00:00,1864
2017-11-07 00:00:00,1726
2017-11-08 00:00:00,1610
2017-11-09 00:00:00,1577
2017-11-10 00:00:00,1876
2017-11-11 00:00:00,2190
2017-11-12 00:00:00,2223
2017-11-13 00:00:00,1473
2017-11-14 00:00:00,1382
2017-11-15 00:00:00,1397
2017-11-16 00:00:00,1434
2017-11-17 00:00:00,1531
2017-11-18 00:00:00,1945
2017-11-19 00:00:00,2022
2017-11-20 00:00:00,1479
2017-11-21 00:00:00,1454
2017-11-22 00:00:00,1535
2017-11-23 00:00:00,2370
2017-11-24 00:00:00,3637
2017-11-25 00:00:00,5392
2017-11-26 00:00:00,6366
2017-11-27 00:00:00,5458
2017-11-28 00:00:00,5672
2017-11-29 00:00:00,5164
2017-11-30 00:00:00,4806
2017-12-01 00:00:00,4808
2017-12-02 00:00:00,5268
2017-12-03 00:00:00,5022
2017-12-04 00:00:00,3496
2017-12-05 00:00:00,3195
2017-12-06 00:00:00,3026
2017-12-07 00:00:00,2903
2017-12-08 00:00:00,3092
2017-12-09 00:00:00,3709
2017-12-10 00:00:00,3649
2017-12-11 00:00:00,2598
2017-12-12 00:00:00,2374
2017-12-13 00:00:00,2281
2017-12-14 00:00:00,2237
2017-12-15 00:00:00,2387
2017-12-16 00:00:00,2995
2017-12-17 00:00:00,3055
2017-12-18 00:00:00,2286
2017-12-19 00:00:00,2206
2017-12-20 00:00:00,2169
2017-12-21 00:00:00,2185
2017-12-22 00:00:00,2934
2017-12-23 00:00:00,3696
2017-12-24 00:00:00,3796
2017-12-25 00:00:00,4061
2017-12-26 00:00:00,4631
2017-12-27 00:00:00,5010
2017-12-28 00:00:00,6515
2017-12-29 00:00:00,7000
2017-12-30 00:00:00,7197
2017-12-31 00:00:00,6520
2018-01-01 00:00:00,7057
2018-01-02 00:00:00,6122
2018-01-03 00:00:00,6020
2018-01-04 00:00:00,6683
2018-01-05 00:00:00,6191
2018-01-06 00:00:00,6557
2018-01-07 00:00:00,6125
2018-01-08 00:00:00,4398
2018-01-09 00:00:00,3796
2018-01-10 00:00:00,3611
2018-01-11 00:00:00,3532
2018-01-12 00:00:00,3792
2018-01-13 00:00:00,4656
2018-01-14 00:00:00,4552
2018-01-15 00:00:00,3590
2018-01-16 00:00:00,3063
2018-01-17 00:00:00,3106
2018-01-18 00:00:00,3018
2018-01-19 00:00:00,3182
2018-01-20 00:00:00,3959
2018-01-21 00:00:00,4017
2018-01-22 00:00:00,2945
2018-01-23 00:00:00,2845
2018-01-24 00:00:00,2825
2018-01-25 00:00:00,2785
2018-01-26 00:00:00,2933
2018-01-27 00:00:00,3667
2018-01-28 00:00:00,3688
2018-01-29 00:00:00,2643
2018-01-30 00:00:00,2550
2018-01-31 00:00:00,2496
2018-02-01 00:00:00,2401
2018-02-02 00:00:00,2677
2018-02-03 00:00:00,3339
2018-02-04 00:00:00,3311
2018-02-05 00:00:00,2388
2018-02-06 00:00:00,2255
2018-02-07 00:00:00,2187
2018-02-08 00:00:00,2056
2018-02-09 00:00:00,2322
2018-02-10 00:00:00,2961
2018-02-11 00:00:00,3018
2018-02-12 00:00:00,2223
2018-02-13 00:00:00,2007
2018-02-14 00:00:00,1881
2018-02-15 00:00:00,1955
2018-02-16 00:00:00,2358
2018-02-17 00:00:00,3249
2018-02-18 00:00:00,3645
2018-02-19 00:00:00,3229
2018-02-20 00:00:00,2667
2018-02-21 00:00:00,2519
2018-02-22 00:00:00,2398
2018-02-23 00:00:00,2498
2018-02-24 00:00:00,3133
2018-02-25 00:00:00,3079
2018-02-26 00:00:00,2092
2018-02-27 00:00:00,2062
2018-02-28 00:00:00,1998
2018-03-01 00:00:00,2060
2018-03-02 00:00:00,3732
2018-03-03 00:00:00,6418
2018-03-04 00:00:00,8153
2018-03-05 00:00:00,6332
2018-03-06 00:00:00,5543
2018-03-07 00:00:00,5015
2018-03-08 00:00:00,4591
2018-03-09 00:00:00,4459
2018-03-10 00:00:00,5421
2018-03-11 00:00:00,5060
2018-03-12 00:00:00,3508
2018-03-13 00:00:00,3299
2018-03-14 00:00:00,3056
2018-03-15 00:00:00,3009
2018-03-16 00:00:00,3253
2018-03-17 00:00:00,4193
2018-03-18 00:00:00,4297
2018-03-19 00:00:00,2850
2018-03-20 00:00:00,2619
2018-03-21 00:00:00,2763
2018-03-22 00:00:00,2536
2018-03-23 00:00:00,2803
2018-03-24 00:00:00,3543
2018-03-25 00:00:00,3546
2018-03-26 01:00:00,2629
2018-03-27 01:00:00,2389
2018-03-28 01:00:00,2830
2018-03-29 01:00:00,3223
2018-03-30 01:00:00,4085
2018-03-31 01:00:00,4692
2018-04-01 01:00:00,5114
2018-04-02 01:00:00,4801
2018-04-03 01:00:00,4775
2018-04-04 01:00:00,4421
2018-04-05 01:00:00,3900
2018-04-06 01:00:00,3708
2018-04-07 01:00:00,4394
2018-04-08 01:00:00,4279
2018-04-09 01:00:00,2911
2018-04-10 01:00:00,2805
2018-04-11 01:00:00,2609
2018-04-12 01:00:00,2646
2018-04-13 01:00:00,2758
2018-04-14 01:00:00,3319
2018-04-15 01:00:00,3498
2018-04-16 01:00:00,2403
2018-04-17 01:00:00,2213
2018-04-18 01:00:00,2084
2018-04-19 01:00:00,2002
2018-04-20 01:00:00,2145
2018-04-21 01:00:00,2692
2018-04-22 01:00:00,2905
2018-04-23 01:00:00,2038
2018-04-24 01:00:00,1988
2018-04-25 01:00:00,1979
2018-04-26 01:00:00,1924
2018-04-27 01:00:00,1984
2018-04-28 01:00:00,2514
2018-04-29 01:00:00,2763
2018-04-30 01:00:00,2078
2018-05-01 01:00:00,2111
2018-05-02 01:00:00,1828
2018-05-03 01:00:00,1840
2018-05-04 01:00:00,1905
2018-05-05 01:00:00,2244
2018-05-06 01:00:00,2455
2018-05-07 01:00:00,1671
2018-05-08 01:00:00,1713
2018-05-09 01:00:00,1593
2018-05-10 01:00:00,1802
2018-05-11 01:00:00,1815
2018-05-12 01:00:00,2246
2018-05-13 01:00:00,2348
2018-05-14 01:00:00,1669
2018-05-15 01:00:00,1612
2018-05-16 01:00:00,1637
2018-05-17 01:00:00,1572
2018-05-18 01:00:00,1819
2018-05-19 01:00:00,2555
2018-05-20 01:00:00,2714
2018-05-21 01:00:00,2236
2018-05-22 01:00:00,1946
2018-05-23 01:00:00,1886
2018-05-24 01:00:00,1986
2018-05-25 01:00:00,2149
2018-05-26 01:00:00,2414
2018-05-27 01:00:00,2714
2018-05-28 01:00:00,2497
2018-05-29 01:00:00,2002
2018-05-30 01:00:00,1930
2018-05-31 01:00:00,2248
2018-06-01 01:00:00,5988
2018-06-02 01:00:00,9524
2018-06-03 01:00:00,9145
2018-06-04 01:00:00,6329
2018-06-05 01:00:00,5417
2018-06-06 01:00:00,4759
2018-06-07 01:00:00,4303
2018-06-08 01:00:00,4352
2018-06-09 01:00:00,4915
2018-06-10 01:00:00,4883
2018-06-11 01:00:00,4219
2018-06-12 01:00:00,3966
2018-06-13 01:00:00,4086
2018-06-14 01:00:00,4243
2018-06-15 01:00:00,4040
2018-06-16 01:00:00,4590
2018-06-17 01:00:00,4887
2018-06-18 01:00:00,4029
2018-06-19 01:00:00,3843
2018-06-20 01:00:00,3657
2018-06-21 01:00:00,3304
2018-06-22 01:00:00,3988
2018-06-23 01:00:00,6825
2018-06-24 01:00:00,7709
2018-06-25 01:00:00,6499
2018-06-26 01:00:00,6148
2018-06-27 01:00:00,5811
2018-06-28 01:00:00,5405
2018-06-29 01:00:00,5212
2018-06-30 01:00:00,5448
2018-07-01 01:00:00,5661
2018-07-02 01:00:00,5040
2018-07-03 01:00:00,4514
2018-07-04 01:00:00,4823
2018-07-05 01:00:00,4665
2018-07-06 01:00:00,4518
2018-07-07 01:00:00,4618
2018-07-08 01:00:00,4746
2018-07-09 01:00:00,3913
2018-07-10 01:00:00,3674
2018-07-11 01:00:00,3457
2018-07-12 01:00:00,3301
2018-07-13 01:00:00,3297
2018-07-14 01:00:00,3715
2018-07-15 01:00:00,3966
2018-07-16 01:00:00,3298
2018-07-17 01:00:00,3162
2018-07-18 01:00:00,3079
2018-07-19 01:00:00,2877
2018-07-20 01:00:00,2759
2018-07-21 01:00:00,3134
2018-07-22 01:00:00,3535
2018-07-23 01:00:00,2861
2018-07-24 01:00:00,2681
2018-07-25 01:00:00,2418
2018-07-26 01:00:00,2436
2018-07-27 01:00:00,2315
2018-07-28 01:00:00,2703
2018-07-29 01:00:00,2834
2018-07-30 01:00:00,2474
2018-07-31 01:00:00,2218
2018-08-01 01:00:00,2197
2018-08-02 01:00:00,2161
2018-08-03 01:00:00,2057
2018-08-04 01:00:00,2348
2018-08-05 01:00:00,2587
2018-08-06 01:00:00,2249
2018-08-07 01:00:00,4116
2018-08-08 01:00:00,4881
2018-08-09 01:00:00,5342
2018-08-10 01:00:00,5247
2018-08-11 01:00:00,5551
2018-08-12 01:00:00,5744
2018-08-13 01:00:00,4955
2018-08-14 01:00:00,4353
2018-08-15 01:00:00,3922
2018-08-16 01:00:00,3491
2018-08-17 01:00:00,3312
2018-08-18 01:00:00,3748
2018-08-19 01:00:00,3780
2018-08-20 01:00:00,3059
2018-08-21 01:00:00,2859
2018-08-22 01:00:00,2696
2018-08-23 01:00:00,2638
2018-08-24 01:00:00,2720
2018-08-25 01:00:00,3367
2018-08-26 01:00:00,3479
2018-08-27 01:00:00,2765
2018-08-28 01:00:00,2606
2018-08-29 01:00:00,2467
2018-08-30 01:00:00,2426
2018-08-31 01:00:00,2480
2018-09-01 01:00:00,2963
2018-09-02 01:00:00,3127
2018-09-03 01:00:00,2813
2018-09-04 01:00:00,2241
2018-09-05 01:00:00,2073
2018-09-06 01:00:00,2053
2018-09-07 01:00:00,2191
2018-09-08 01:00:00,2901
2018-09-09 01:00:00,2992
2018-09-10 01:00:00,2171
2018-09-11 01:00:00,2095
2018-09-12 01:00:00,1966
2018-09-13 01:00:00,2006
2018-09-14 01:00:00,2155
2018-09-15 01:00:00,2804
2018-09-16 01:00:00,3037
2018-09-17 01:00:00,2125
2018-09-18 01:00:00,1962
2018-09-19 01:00:00,2074
2018-09-20 01:00:00,1906
2018-09-21 01:00:00,2149
2018-09-22 01:00:00,2794
2018-09-23 01:00:00,3022
2018-09-24 01:00:00,2050
2018-09-25 01:00:00,1963
2018-09-26 01:00:00,1863
2018-09-27 01:00:00,1791
2018-09-28 01:00:00,1977
2018-09-29 01:00:00,2561
2018-09-30 01:00:00,2750
2018-10-01 01:00:00,1903
2018-10-02 01:00:00,1816
2018-10-03 01:00:00,1833
2018-10-04 01:00:00,1779
2018-10-05 01:00:00,2007
2018-10-06 01:00:00,2506
2018-10-07 01:00:00,2557
2018-10-08 01:00:00,2004
2018-10-09 01:00:00,1840
2018-10-10 01:00:00,1733
2018-10-11 01:00:00,1776
2018-10-12 01:00:00,1992
2018-10-13 01:00:00,2521
2018-10-14 01:00:00,2507
2018-10-15 01:00:00,1838
2018-10-16 01:00:00,1727
2018-10-17 01:00:00,1745
2018-10-18 01:00:00,1695
2018-10-19 01:00:00,1950
2018-10-20 01:00:00,2399
2018-10-21 01:00:00,2542
2018-10-22 01:00:00,1875
2018-10-23 01:00:00,3507
2018-10-24 01:00:00,4635
2018-10-25 01:00:00,5379
2018-10-26 01:00:00,6138
2018-10-27 01:00:00,7978
2018-10-28 01:00:00,8495
2018-10-29 00:00:00,6344
2018-10-30 00:00:00,6037
2018-10-31 00:00:00,5952
2018-11-01 00:00:00,6347
2018-11-02 00:00:00,6110
2018-11-03 00:00:00,6472
2018-11-04 00:00:00,5930
2018-11-05 00:00:00,3800
2018-11-06 00:00:00,3619
2018-11-07 00:00:00,3388
2018-11-08 00:00:00,3134
2018-11-09 00:00:00,3448
2018-11-10 00:00:00,4358
2018-11-11 00:00:00,4212
2018-11-12 00:00:00,3187
2018-11-13 00:00:00,2828
2018-11-14 00:00:00,2614
2018-11-15 00:00:00,2703
2018-11-16 00:00:00,2954
2018-11-17 00:00:00,3778
2018-11-18 00:00:00,3643
2018-11-19 00:00:00,2709
2018-11-20 00:00:00,2551
2018-11-21 00:00:00,2589
2018-11-22 00:00:00,2922
2018-11-23 00:00:00,4057
2018-11-24 00:00:00,4937
2018-11-25 00:00:00,5025
2018-11-26 00:00:00,3703
2018-11-27 00:00:00,3699
2018-11-28 00:00:00,3335
2018-11-29 00:00:00,3381
2018-11-30 00:00:00,3706
2018-12-01 00:00:00,4893
2018-12-02 00:00:00,5126
2018-12-03 00:00:00,3702
2018-12-04 00:00:00,3742
2018-12-05 00:00:00,3763
2018-12-06 00:00:00,3872
2018-12-07 00:00:00,3996
2018-12-08 00:00:00,5284
2018-12-09 00:00:00,5518
2018-12-10 00:00:00,4074
2018-12-11 00:00:00,3777
2018-12-12 00:00:00,3607
2018-12-13 00:00:00,3373
2018-12-14 00:00:00,3523
2018-12-15 00:00:00,4401
2018-12-16 00:00:00,4515
2018-12-17 00:00:00,3271
2018-12-18 00:00:00,3163
2018-12-19 00:00:00,3049
2018-12-20 00:00:00,3071
2018-12-21 00:00:00,3545
2018-12-22 00:00:00,4471
2018-12-23 00:00:00,4640
2018-12-24 00:00:00,4731
2018-12-25 00:00:00,4651
2018-12-26 00:00:00,4829
2018-12-27 00:00:00,4929
2018-12-28 00:00:00,5122
2018-12-29 00:00:00,5424
2018-12-30 00:00:00,5706
2018-12-31 00:00:00,5192
2019-01-01 00:00:00,5389
2019-01-02 00:00:00,4736
2019-01-03 00:00:00,4473
2019-01-04 00:00:00,4458
2019-01-05 00:00:00,4668
2019-01-06 00:00:00,4566
2019-01-07 00:00:00,3388
2019-01-08 00:00:00,3062
2019-01-09 00:00:00,2880
2019-01-10 00:00:00,2814
2019-01-11 00:00:00,2965
2019-01-12 00:00:00,3859
2019-01-13 00:00:00,3811
2019-01-14 00:00:00,2695
2019-01-15 00:00:00,3244
2019-01-16 00:00:00,3765
2019-01-17 00:00:00,4079
2019-01-18 00:00:00,4506
2019-01-19 00:00:00,5896
2019-01-20 00:00:00,6416
2019-01-21 00:00:00,5589
2019-01-22 00:00:00,4432
2019-01-23 00:00:00,4063
2019-01-24 00:00:00,3673
2019-01-25 00:00:00,3723
2019-01-26 00:00:00,4473
2019-01-27 00:00:00,4369
2019-01-28 00:00:00,3062
2019-01-29 00:00:00,2974
2019-01-30 00:00:00,2848
2019-01-31 00:00:00,2750
2019-02-01 00:00:00,2741
2019-02-02 00:00:00,3343
2019-02-03 00:00:00,3443
2019-02-04 00:00:00,2346
2019-02-05 00:00:00,2245
2019-02-06 00:00:00,2276
2019-02-07 00:00:00,2300
2019-02-08 00:00:00,2417
2019-02-09 00:00:00,3167
2019-02-10 00:00:00,3271
2019-02-11 00:00:00,2217
2019-02-12 00:00:00,2247
2019-02-13 00:00:00,2027
2019-02-14 00:00:00,1943
2019-02-15 00:00:00,2154
2019-02-16 00:00:00,2615
2019-02-17 00:00:00,2620
2019-02-18 00:00:00,2118
2019-02-19 00:00:00,1824
2019-02-20 00:00:00,1913
2019-02-21 00:00:00,1843
2019-02-22 00:00:00,2635
2019-02-23 00:00:00,4383
2019-02-24 00:00:00,5143
2019-02-25 00:00:00,3860
2019-02-26 00:00:00,3902
2019-02-27 00:00:00,4097
2019-02-28 00:00:00,4011
2019-03-01 00:00:00,4620
2019-03-02 00:00:00,5498
2019-03-03 00:00:00,5579
2019-03-04 00:00:00,4000
2019-03-05 00:00:00,3620
2019-03-06 00:00:00,3222
2019-03-07 00:00:00,3007
2019-03-08 00:00:00,3245
2019-03-09 00:00:00,3980
2019-03-10 00:00:00,3742
2019-03-11 00:00:00,2387
2019-03-12 00:00:00,2272
2019-03-13 00:00:00,2241
2019-03-14 00:00:00,2116
2019-03-15 00:00:00,2481
2019-03-16 00:00:00,3194
2019-03-17 00:00:00,2962
2019-03-18 00:00:00,2067
2019-03-19 00:00:00,1920
2019-03-20 00:00:00,1906
2019-03-21 00:00:00,2093
2019-03-22 00:00:00,2552
2019-03-23 00:00:00,3542
2019-03-24 00:00:00,3816
2019-03-25 00:00:00,2540
2019-03-26 00:00:00,2674
2019-03-27 00:00:00,2928
2019-03-28 00:00:00,2868
2019-03-29 00:00:00,3320
2019-03-30 00:00:00,4147
2019-03-31 00:00:00,4292
2019-04-01 01:00:00,3009
2019-04-02 01:00:00,2944
2019-04-03 01:00:00,2780
2019-04-04 01:00:00,2687
2019-04-05 01:00:00,2731
2019-04-06 01:00:00,3171
2019-04-07 01:00:00,3147
2019-04-08 01:00:00,2080
2019-04-09 01:00:00,2005
2019-04-10 01:00:00,1984
2019-04-11 01:00:00,2004
2019-04-12 01:00:00,2261
2019-04-13 01:00:00,2736
2019-04-14 01:00:00,2773
2019-04-15 01:00:00,1926
2019-04-16 01:00:00,1905
2019-04-17 01:00:00,1834
2019-04-18 01:00:00,1775
2019-04-19 01:00:00,2161
2019-04-20 01:00:00,2305
2019-04-21 01:00:00,2156
2019-04-22 01:00:00,1860
2019-04-23 01:00:00,1587
2019-04-24 01:00:00,1479
2019-04-25 01:00:00,1440
2019-04-26 01:00:00,1628
2019-04-27 01:00:00,2121
2019-04-28 01:00:00,2124
2019-04-29 01:00:00,1509
2019-04-30 01:00:00,1601
2019-05-01 01:00:00,1781
2019-05-02 01:00:00,1517
2019-05-03 01:00:00,1682
2019-05-04 01:00:00,2021
2019-05-05 01:00:00,2104
2019-05-06 01:00:00,1542
2019-05-07 01:00:00,1390
2019-05-08 01:00:00,1453
2019-05-09 01:00:00,1355
2019-05-10 01:00:00,1545
2019-05-11 01:00:00,2004
2019-05-12 01:00:00,1924
2019-05-13 01:00:00,1429
2019-05-14 01:00:00,1399
2019-05-15 01:00:00,1344
2019-05-16 01:00:00,1354
2019-05-17 01:00:00,1460
2019-05-18 01:00:00,1835
2019-05-19 01:00:00,1933
2019-05-20 01:00:00,1409
2019-05-21 01:00:00,1399
2019-05-22 01:00:00,1448
2019-05-23 01:00:00,1401
2019-05-24 01:00:00,1621
2019-05-25 01:00:00,1968
2019-05-26 01:00:00,1985
2019-05-27 01:00:00,1767
2019-05-28 01:00:00,1569
2019-05-29 01:00:00,1507
2019-05-30 01:00:00,1607
2019-05-31 01:00:00,1614
2019-06-01 01:00:00,1880
2019-06-02 01:00:00,1971
2019-06-03 01:00:00,1494
2019-06-04 01:00:00,1472
2019-06-05 01:00:00,1488
2019-06-06 01:00:00,1510
2019-06-07 01:00:00,1507
2019-06-08 01:00:00,1787
2019-06-09 01:00:00,1840
2019-06-10 01:00:00,1676
2019-06-11 01:00:00,1471
2019-06-12 01:00:00,1402
2019-06-13 01:00:00,1428
2019-06-14 01:00:00,1428
2019-06-15 01:00:00,1782
2019-06-16 01:00:00,1912
2019-06-17 01:00:00,1607
2019-06-18 01:00:00,1551
2019-06-19 01:00:00,1508
2019-06-20 01:00:00,1581
2019-06-21 01:00:00,1578
2019-06-22 01:00:00,2478
2019-06-23 01:00:00,3003
2019-06-24 01:00:00,2951
2019-06-25 01:00:00,3084
2019-06-26 01:00:00,3057
2019-06-27 01:00:00,3208
2019-06-28 01:00:00,3411
2019-06-29 01:00:00,3589
2019-06-30 01:00:00,3963
2019-07-01 01:00:00,3495
2019-07-02 01:00:00,3400
2019-07-03 01:00:00,3354
2019-07-04 01:00:00,3207
2019-07-05 01:00:00,3315
2019-07-06 01:00:00,3647
2019-07-07 01:00:00,3624
2019-07-08 01:00:00,3221
2019-07-09 01:00:00,3228
2019-07-10 01:00:00,3037
2019-07-11 01:00:00,2773
2019-07-12 01:00:00,2757
2019-07-13 01:00:00,2917
2019-07-14 01:00:00,2946
2019-07-15 01:00:00,2413
2019-07-16 01:00:00,2288
2019-07-17 01:00:00,2244
2019-07-18 01:00:00,2190
2019-07-19 01:00:00,2160
2019-07-20 01:00:00,2381
2019-07-21 01:00:00,2305
2019-07-22 01:00:00,1974
2019-07-23 01:00:00,1918
2019-07-24 01:00:00,1875
2019-07-25 01:00:00,1827
2019-07-26 01:00:00,1865
2019-07-27 01:00:00,2222
2019-07-28 01:00:00,2507
2019-07-29 01:00:00,2222
2019-07-30 01:00:00,2387
2019-07-31 01:00:00,2509
2019-08-01 01:00:00,2483
2019-08-02 01:00:00,2536
2019-08-03 01:00:00,2834
2019-08-04 01:00:00,3027
2019-08-05 01:00:00,2707
2019-08-06 01:00:00,2939
2019-08-07 01:00:00,3182
2019-08-08 01:00:00,3273
2019-08-09 01:00:00,3488
2019-08-10 01:00:00,3465
2019-08-11 01:00:00,3332
2019-08-12 01:00:00,2791
2019-08-13 01:00:00,2553
2019-08-14 01:00:00,2358
2019-08-15 01:00:00,2349
2019-08-16 01:00:00,2298
2019-08-17 01:00:00,2506
2019-08-18 01:00:00,2587
2019-08-19 01:00:00,2040
2019-08-20 01:00:00,1999
2019-08-21 01:00:00,1915
2019-08-22 01:00:00,1873
2019-08-23 01:00:00,1880
2019-08-24 01:00:00,2010
2019-08-25 01:00:00,2117
2019-08-26 01:00:00,1769
2019-08-27 01:00:00,1683
2019-08-28 01:00:00,1702
2019-08-29 01:00:00,1643
2019-08-30 01:00:00,1779
2019-08-31 01:00:00,2084
2019-09-01 01:00:00,2174
2019-09-02 01:00:00,1887
2019-09-03 01:00:00,1532
2019-09-04 01:00:00,1487
2019-09-05 01:00:00,1445
2019-09-06 01:00:00,1591
2019-09-07 01:00:00,2084
2019-09-08 01:00:00,2094
2019-09-09 01:00:00,1502
2019-09-10 01:00:00,1425
2019-09-11 01:00:00,1342
2019-09-12 01:00:00,1385
2019-09-13 01:00:00,1548
2019-09-14 01:00:00,1934
2019-09-15 01:00:00,1969
2019-09-16 01:00:00,1361
2019-09-17 01:00:00,1385
2019-09-18 01:00:00,1361
2019-09-19 01:00:00,1352
2019-09-20 01:00:00,1425
2019-09-21 01:00:00,1821
2019-09-22 01:00:00,1920
2019-09-23 01:00:00,1366
2019-09-24 01:00:00,1363
2019-09-25 01:00:00,1264
2019-09-26 01:00:00,1299
2019-09-27 01:00:00,1490
2019-09-28 01:00:00,1901
2019-09-29 01:00:00,1945
2019-09-30 01:00:00,1478
2019-10-01 01:00:00,1343
2019-10-02 01:00:00,2767
2019-10-03 01:00:00,4125
2019-10-04 01:00:00,4860
2019-10-05 01:00:00,5847
2019-10-06 01:00:00,6354
2019-10-07 01:00:00,4923
2019-10-08 01:00:00,4411
2019-10-09 01:00:00,4045
2019-10-10 01:00:00,3630
2019-10-11 01:00:00,3728
2019-10-12 01:00:00,4204
2019-10-13 01:00:00,3815
2019-10-14 01:00:00,2851
2019-10-15 01:00:00,2434
2019-10-16 01:00:00,2399
2019-10-17 01:00:00,2351
2019-10-18 01:00:00,2663
2019-10-19 01:00:00,3104
2019-10-20 01:00:00,2928
2019-10-21 01:00:00,2130
2019-10-22 01:00:00,2080
2019-10-23 01:00:00,1959
2019-10-24 01:00:00,2025
2019-10-25 01:00:00,2643
2019-10-26 01:00:00,3702
2019-10-27 01:00:00,3856
2019-10-28 00:00:00,2954
2019-10-29 00:00:00,2598
2019-10-30 00:00:00,2581
2019-10-31 00:00:00,3249
2019-11-01 00:00:00,3893
2019-11-02 00:00:00,4020
2019-11-03 00:00:00,3722
2019-11-04 00:00:00,2706
2019-11-05 00:00:00,2414
2019-11-06 00:00:00,2282
2019-11-07 00:00:00,2105
2019-11-08 00:00:00,2473
2019-11-09 00:00:00,3127
2019-11-10 00:00:00,2737
2019-11-11 00:00:00,2263
2019-11-12 00:00:00,2397
2019-11-13 00:00:00,2368
2019-11-14 00:00:00,2276
2019-11-15 00:00:00,2559
2019-11-16 00:00:00,2934
2019-11-17 00:00:00,2913
2019-11-18 00:00:00,1872
2019-11-19 00:00:00,1751
2019-11-20 00:00:00,1840
2019-11-21 00:00:00,1706
2019-11-22 00:00:00,2044
2019-11-23 00:00:00,2676
2019-11-24 00:00:00,2791
2019-11-25 00:00:00,1799
2019-11-26 00:00:00,1836
2019-11-27 00:00:00,1941
2019-11-28 00:00:00,2116
2019-11-29 00:00:00,2637
2019-11-30 00:00:00,3445
2019-12-01 00:00:00,3641
2019-12-02 00:00:00,2416
2019-12-03 00:00:00,2621
2019-12-04 00:00:00,2513
2019-12-05 00:00:00,2334
2019-12-06 00:00:00,2557
2019-12-07 00:00:00,3011
2019-12-08 00:00:00,2930
2019-12-09 00:00:00,1840
2019-12-10 00:00:00,1780
2019-12-11 00:00:00,1744
2019-12-12 00:00:00,1699
2019-12-13 00:00:00,1990
2019-12-14 00:00:00,2525
2019-12-15 00:00:00,2393
2019-12-16 00:00:00,1638
2019-12-17 00:00:00,1603
2019-12-18 00:00:00,1566
2019-12-19 00:00:00,1643
2019-12-20 00:00:00,2052
2019-12-21 00:00:00,2689
2019-12-22 00:00:00,2913
2019-12-23 00:00:00,2779
2019-12-24 00:00:00,2887
2019-12-25 00:00:00,2624
2019-12-26 00:00:00,2778
2019-12-27 00:00:00,3077
2019-12-28 00:00:00,3368
2019-12-29 00:00:00,3389
2019-12-30 00:00:00,3197
2019-12-31 00:00:00,3372
2020-01-01 00:00:00,3088
2020-01-02 00:00:00,3032
2020-01-03 00:00:00,3042
2020-01-04 00:00:00,2959
2020-01-05 00:00:00,2806
2020-01-06 00:00:00,2183
2020-01-07 00:00:00,1934
2020-01-08 00:00:00,1929
2020-01-09 00:00:00,1813
2020-01-10 00:00:00,1996
2020-01-11 00:00:00,2490
2020-01-12 00:00:00,2512
2020-01-13 00:00:00,1737
2020-01-14 00:00:00,1733
2020-01-15 00:00:00,1755
2020-01-16 00:00:00,1650
2020-01-17 00:00:00,1887
2020-01-18 00:00:00,2255
2020-01-19 00:00:00,2388
2020-01-20 00:00:00,1910
2020-01-21 00:00:00,1663
2020-01-22 00:00:00,1631
2020-01-23 00:00:00,1640
2020-01-24 00:00:00,1968
2020-01-25 00:00:00,2494
2020-01-26 00:00:00,2646
2020-01-27 00:00:00,2056
2020-01-28 00:00:00,2031
2020-01-29 00:00:00,1942
2020-01-30 00:00:00,1847
2020-01-31 00:00:00,1954
2020-02-01 00:00:00,2365
2020-02-02 00:00:00,2457
2020-02-03 00:00:00,1643
2020-02-04 00:00:00,1638
2020-02-05 00:00:00,1599
2020-02-06 00:00:00,1551
2020-02-07 00:00:00,1727
2020-02-08 00:00:00,2153
2020-02-09 00:00:00,2232
2020-02-10 00:00:00,1531
2020-02-11 00:00:00,1563
2020-02-12 00:00:00,1549
2020-02-13 00:00:00,1465
2020-02-14 00:00:00,1541
2020-02-15 00:00:00,2042
2020-02-16 00:00:00,2072
2020-02-17 00:00:00,1632
2020-02-18 00:00:00,1433
2020-02-19 00:00:00,1422
2020-02-20 00:00:00,1412
2020-02-21 00:00:00,1552
2020-02-22 00:00:00,1832
2020-02-23 00:00:00,2000
2020-02-24 00:00:00,1433
2020-02-25 00:00:00,1376
2020-02-26 00:00:00,1362
2020-02-27 00:00:00,1357
2020-02-28 00:00:00,1975
2020-02-29 00:00:00,2968
2020-03-01 00:00:00,3388
2020-03-02 00:00:00,2662
2020-03-03 00:00:00,2486
2020-03-04 00:00:00,2196
2020-03-05 00:00:00,2148
2020-03-06 00:00:00,2197
2020-03-07 00:00:00,2568
2020-03-08 00:00:00,2593
2020-03-09 00:00:00,1750
2020-03-10 00:00:00,1689
2020-03-11 00:00:00,1599
2020-03-12 00:00:00,1643
2020-03-13 00:00:00,1928
2020-03-14 00:00:00,2387
2020-03-15 00:00:00,2440
2020-03-16 00:00:00,2024
2020-03-17 00:00:00,2086
2020-03-18 00:00:00,2039
2020-03-19 00:00:00,2362
2020-03-20 00:00:00,2708
2020-03-21 00:00:00,3180
2020-03-22 00:00:00,3495
2020-03-23 00:00:00,3102
2020-03-24 00:00:00,3224
2020-03-25 00:00:00,4226
2020-03-26 00:00:00,5224
2020-03-27 00:00:00,5522
2020-03-28 00:00:00,6004
2020-03-29 00:00:00,7584
2020-03-30 01:00:00,7196
2020-03-31 01:00:00,6737
2020-04-01 01:00:00,6457
2020-04-02 01:00:00,5987
2020-04-03 01:00:00,5377
2020-04-04 01:00:00,7399
2020-04-05 01:00:00,4653
2020-04-06 01:00:00,3930
2020-04-07 01:00:00,3623
2020-04-08 01:00:00,3429
2020-04-09 01:00:00,3260
2020-04-10 01:00:00,3529
2020-04-11 01:00:00,3572
2020-04-12 01:00:00,3618
2020-04-13 01:00:00,3405
2020-04-14 01:00:00,2990
2020-04-15 01:00:00,2891
2020-04-16 01:00:00,2939
2020-04-17 01:00:00,3099
2020-04-18 01:00:00,3429
2020-04-19 01:00:00,3368
2020-04-20 01:00:00,2892
2020-04-21 01:00:00,2806
2020-04-22 01:00:00,2606
2020-04-23 01:00:00,2542
2020-04-24 01:00:00,2628
2020-04-25 01:00:00,2728
2020-04-26 01:00:00,2754
2020-04-27 01:00:00,2261
2020-04-28 01:00:00,2236
2020-04-29 01:00:00,2103
2020-04-30 01:00:00,2180
2020-05-01 01:00:00,2320
2020-05-02 01:00:00,2259
2020-05-03 01:00:00,2332
2020-05-04 01:00:00,1877
2020-05-05 01:00:00,1800
2020-05-06 01:00:00,1714
2020-05-07 01:00:00,1708
2020-05-08 01:00:00,1708
2020-05-09 01:00:00,1913
2020-05-10 01:00:00,2138
2020-05-11 01:00:00,1829
2020-05-12 01:00:00,1801
2020-05-13 01:00:00,1689
2020-05-14 01:00:00,1738
2020-05-15 01:00:00,1703
2020-05-16 01:00:00,1856
2020-05-17 01:00:00,1810
2020-05-18 01:00:00,1533
2020-05-19 01:00:00,1445
2020-05-20 01:00:00,1345
2020-05-21 01:00:00,1419
2020-05-22 01:00:00,1726
2020-05-23 01:00:00,2268
2020-05-24 01:00:00,2371
2020-05-25 01:00:00,2148
2020-05-26 01:00:00,2011
2020-05-27 01:00:00,1975
2020-05-28 01:00:00,1847
2020-05-29 01:00:00,1887
2020-05-30 01:00:00,1934
2020-05-31 01:00:00,1828
2020-06-01 01:00:00,1539
2020-06-02 01:00:00,1430
2020-06-03 01:00:00,1417
2020-06-04 01:00:00,1433
2020-06-05 01:00:00,1441
2020-06-06 01:00:00,1617
2020-06-07 01:00:00,1647
2020-06-08 01:00:00,1361
2020-06-09 01:00:00,1287
2020-06-10 01:00:00,1301
2020-06-11 01:00:00,1396
2020-06-12 01:00:00,1411
2020-06-13 01:00:00,1500
2020-06-14 01:00:00,1539
2020-06-15 01:00:00,1271
2020-06-16 01:00:00,1265
2020-06-17 01:00:00,1210
2020-06-18 01:00:00,1272
2020-06-19 01:00:00,1384
2020-06-20 01:00:00,1500
2020-06-21 01:00:00,1554
2020-06-22 01:00:00,1327
2020-06-23 01:00:00,1363
2020-06-24 01:00:00,1374
2020-06-25 01:00:00,1312
2020-06-26 01:00:00,1569
2020-06-27 01:00:00,1868
2020-06-28 01:00:00,2100
2020-06-29 01:00:00,1930
2020-06-30 01:00:00,1999
2020-07-01 01:00:00,1974
2020-07-02 01:00:00,2073
2020-07-03 01:00:00,2150
2020-07-04 01:00:00,2242
2020-07-05 01:00:00,2312
2020-07-06 01:00:00,2008
2020-07-07 01:00:00,2049
2020-07-08 01:00:00,1999
2020-07-09 01:00:00,2032
2020-07-10 01:00:00,1987
2020-07-11 01:00:00,2000
2020-07-12 01:00:00,1927
2020-07-13 01:00:00,1721
2020-07-14 01:00:00,1735
2020-07-15 01:00:00,1662
2020-07-16 01:00:00,1573
2020-07-17 01:00:00,1640
2020-07-18 01:00:00,1682
2020-07-19 01:00:00,1664
2020-07-20 01:00:00,1519
2020-07-21 01:00:00,1507
2020-07-22 01:00:00,1491
2020-07-23 01:00:00,1436
2020-07-24 01:00:00,1447
2020-07-25 01:00:00,1790
2020-07-26 01:00:00,1988
2020-07-27 01:00:00,1845
2020-07-28 01:00:00,2043
2020-07-29 01:00:00,2169
2020-07-30 01:00:00,2276
2020-07-31 01:00:00,2418
2020-08-01 01:00:00,2876
2020-08-02 01:00:00,3317
2020-08-03 01:00:00,3239
2020-08-04 01:00:00,3239
2020-08-05 01:00:00,3004
2020-08-06 01:00:00,2974
2020-08-07 01:00:00,2946
2020-08-08 01:00:00,2727
2020-08-09 01:00:00,2585
2020-08-10 01:00:00,2245
2020-08-11 01:00:00,2171
2020-08-12 01:00:00,2008
2020-08-13 01:00:00,1880
2020-08-14 01:00:00,1856
2020-08-15 01:00:00,1991
2020-08-16 01:00:00,1989
2020-08-17 01:00:00,1696
2020-08-18 01:00:00,1650
2020-08-19 01:00:00,1631
2020-08-20 01:00:00,1586
2020-08-21 01:00:00,1594
2020-08-22 01:00:00,1711
2020-08-23 01:00:00,1637
2020-08-24 01:00:00,1499
2020-08-25 01:00:00,1434
2020-08-26 01:00:00,1422
2020-08-27 01:00:00,1448
2020-08-28 01:00:00,1437
2020-08-29 01:00:00,1565
2020-08-30 01:00:00,1544
2020-08-31 01:00:00,1318
2020-09-01 01:00:00,1296
2020-09-02 01:00:00,1248
2020-09-03 01:00:00,1203
2020-09-04 01:00:00,1337
2020-09-05 01:00:00,1529
2020-09-06 01:00:00,1480
2020-09-07 01:00:00,1305
2020-09-08 01:00:00,1186
2020-09-09 01:00:00,1203
2020-09-10 01:00:00,1227
2020-09-11 01:00:00,1329
2020-09-12 01:00:00,1562
2020-09-13 01:00:00,1544
2020-09-14 01:00:00,1197
2020-09-15 01:00:00,1156
2020-09-16 01:00:00,1090
2020-09-17 01:00:00,1185
2020-09-18 01:00:00,1220
2020-09-19 01:00:00,1481
2020-09-20 01:00:00,1410
2020-09-21 01:00:00,1112
2020-09-22 01:00:00,1100
2020-09-23 01:00:00,1083
2020-09-24 01:00:00,1059
2020-09-25 01:00:00,1143
2020-09-26 01:00:00,1330
2020-09-27 01:00:00,1412
2020-09-28 01:00:00,1080
2020-09-29 01:00:00,1111
2020-09-30 01:00:00,1140
2020-10-01 01:00:00,1121
2020-10-02 01:00:00,1141
2020-10-03 01:00:00,1372
2020-10-04 01:00:00,1409
2020-10-05 01:00:00,1048
2020-10-06 01:00:00,1032
2020-10-07 01:00:00,1041
2020-10-08 01:00:00,1052
2020-10-09 01:00:00,1101
2020-10-10 01:00:00,1339
2020-10-11 01:00:00,1421
2020-10-12 01:00:00,1136
2020-10-13 01:00:00,1058
2020-10-14 01:00:00,1042
2020-10-15 01:00:00,1077
2020-10-16 01:00:00,1118
2020-10-17 01:00:00,1345
2020-10-18 01:00:00,1334
2020-10-19 01:00:00,1083
2020-10-20 01:00:00,1073
2020-10-21 01:00:00,1348
2020-10-22 01:00:00,1663
2020-10-23 01:00:00,2062
2020-10-24 01:00:00,2309
2020-10-25 01:00:00,2293
2020-10-26 00:00:00,1981
2020-10-27 00:00:00,2021
2020-10-28 00:00:00,2018
2020-10-29 00:00:00,1948
2020-10-30 00:00:00,1951
2020-10-31 00:00:00,2108
2020-11-01 00:00:00,2050
2020-11-02 00:00:00,1741
2020-11-03 00:00:00,1695
2020-11-04 00:00:00,1509
2020-11-05 00:00:00,1497
2020-11-06 00:00:00,1616
2020-11-07 00:00:00,1822
2020-11-08 00:00:00,1734
2020-11-09 00:00:00,1335
2020-11-10 00:00:00,1306
2020-11-11 00:00:00,1367
2020-11-12 00:00:00,1292
2020-11-13 00:00:00,1475
2020-11-14 00:00:00,1666
2020-11-15 00:00:00,1716
2020-11-16 00:00:00,1271
2020-11-17 00:00:00,1254
2020-11-18 00:00:00,1261
2020-11-19 00:00:00,1282
2020-11-20 00:00:00,1440
2020-11-21 00:00:00,1754
2020-11-22 00:00:00,1662
2020-11-23 00:00:00,1264
2020-11-24 00:00:00,1232
2020-11-25 00:00:00,1231
2020-11-26 00:00:00,1438
2020-11-27 00:00:00,1813
2020-11-28 00:00:00,2318
2020-11-29 00:00:00,2477
2020-11-30 00:00:00,1990
2020-12-01 00:00:00,2359
2020-12-02 00:00:00,2381
2020-12-03 00:00:00,2196
2020-12-04 00:00:00,2213
2020-12-05 00:00:00,2325
2020-12-06 00:00:00,2185
2020-12-07 00:00:00,1725
2020-12-08 00:00:00,1650
2020-12-09 00:00:00,1581
2020-12-10 00:00:00,1448
2020-12-11 00:00:00,1583
2020-12-12 00:00:00,1855
2020-12-13 00:00:00,1802
2020-12-14 00:00:00,1427
2020-12-15 00:00:00,1360
2020-12-16 00:00:00,1385
2020-12-17 00:00:00,1375
2020-12-18 00:00:00,1431
2020-12-19 00:00:00,1671
2020-12-20 00:00:00,1534
2020-12-21 00:00:00,1333
2020-12-22 00:00:00,1329
2020-12-23 00:00:00,1526
2020-12-24 00:00:00,1714
2020-12-25 00:00:00,1805
2020-12-26 00:00:00,2072
2020-12-27 00:00:00,2134
2020-12-28 00:00:00,2027
2020-12-29 00:00:00,2040
2020-12-30 00:00:00,2087
2020-12-31 00:00:00,2085
2021-01-01 00:00:00,2155
2021-01-02 00:00:00,2236
2021-01-03 00:00:00,2172
2021-01-04 00:00:00,1895
2021-01-05 00:00:00,1907
2021-01-06 00:00:00,1908
2021-01-07 00:00:00,1742
2021-01-08 00:00:00,1759
2021-01-09 00:00:00,1889
2021-01-10 00:00:00,1797
2021-01-11 00:00:00,1428
2021-01-12 00:00:00,1431
2021-01-13 00:00:00,1367
2021-01-14 00:00:00,1337
2021-01-15 00:00:00,1370
2021-01-16 00:00:00,1580
2021-01-17 00:00:00,1630
2021-01-18 00:00:00,1364
2021-01-19 00:00:00,1294
2021-01-20 00:00:00,1204
2021-01-21 00:00:00,1200
2021-01-22 00:00:00,1317
2021-01-23 00:00:00,1524
2021-01-24 00:00:00,1573
